2908
6302
7166
7079
8883
388
4091
270
2448
397
5164
3718
3326
9545
1766
2390
8163
2541
4525
2740
7237
9369
4090
5496
1641
1015
2164
2953
6095
8105
1817
6180
3506
3888
243
3623
6507
4369
2926
8347
1937
7939
2414
3039
2831
8171
8247
4374
2989
7524
254
9120
2250
324
946
9248
860
6799
2230
2914
7824
1142
1516
2077
6421
475
2224
9493
138
7451
165
5285
8429
9930
8163
4835
3232
357
5718
4490
7783
2349
5389
4918
7487
8878
5531
2549
3204
5949
6227
2451
3184
481
9921
9253
776
8320
3678
9472
8694
3884
80
1067
9692
8566
7979
6052
8124
993
3324
8989
9133
4153
9676
9259
1308
4343
3628
7805
184
7311
6887
1820
4455
1838
7318
9947
8827
1508
3568
7659
2627
5525
4856
719
6734
8562
6460
6075
5357
4857
3499
8498
7028
6796
2335
7297
7225
1493
3099
5988
4820
198
4220
4932
3340
9713
911
4680
7439
1394
9743
998
551
2252
2778
4253
4046
6228
3431
8331
768
8653
7857
1756
7287
8041
7059
3160
3473
2240
424
1888
1311
5966
822
6084
3187
9468
6612
8946
2242
4266
880
98
4407
4746
4983
8698
5167
2292
3456
4146
4756
5439
262
1275
65
5404
5987
9588
1317
1985
2243
4919
8332
2420
4198
6759
7752
2866
9057
9830
4796
2778
8373
8600
1175
446
1785
4512
7709
2840
6346
8503
5379
9438
6727
5091
6748
5943
7325
2245
2018
6702
4503
971
5787
1703
6233
674
2352
8468
1861
6259
7815
5009
8584
7683
4502
794
2959
6529
7231
8596
7448
8047
5099
4312
9244
6407
751
6880
7331
5059
7419
9293
6311
5238
8719
5621
4277
7036
5097
6549
7178
7308
5573
4041
6413
980
5023
4107
7309
7916
5180
9080
5985
6385
9721
3201
3993
4728
2119
2311
4076
8074
2935
8034
5702
9594
7908
9848
7235
6349
2949
8103
92
9521
6969
5174
7869
7090
6002
6982
6485
4347
4304
4829
737
4087
3134
9765
2711
9213
6022
5368
4205
6320
7982
2944
9331
959
1945
8018
806
4157
7576
8080
4201
5836
5932
2282
1788
2478
6866
4092
245
1493
4910
5857
6997
7843
6422
991
8132
9181
725
8618
387
4445
953
8548
1629
689
1974
3610
3417
5752
8187
3772
9068
4293
9882
6705
6248
3074
9625
1895
3809
2131
734
330
8715
1373
882
8866
1511
7930
8396
6384
9618
3729
7046
2686
5729
623
2997
6832
7002
8227
3378
3126
4262
9727
4730
6078
1676
4093
6410
3970
4199
3625
5958
574
3293
9820
543
542
8835
470
2925
6681
2205
5645
8471
8215
1688
461
1391
9870
8167
7040
8593
1736
682
4164
7665
5686
6497
5018
8037
8108
1128
2880
3708
361
2349
2356
8870
1716
183
2115
8430
3995
4847
2408
4267
1811
1885
6610
3586
5773
7741
7754
5026
7021
7647
8826
8914
46
9768
4189
5551
3953
1195
2447
2452
5222
5135
8574
9273
6043
9946
1287
6140
2453
8994
3003
2513
4595
9397
9698
7141
1104
6391
5526
6024
8129
5921
8376
2069
1051
370
3942
641
5648
1225
6547
651
8352
7128
628
3068
5091
6651
5042
2757
1219
7618
7267
769
8791
306
6795
323
7895
494
6533
6299
8722
2191
7841
469
5544
6732
8588
8251
688
313
411
2545
617
5313
5938
8269
9172
8557
6940
1795
9200
7280
7607
8124
1865
868
3101
3501
9666
6521
9314
4312
2744
2709
9624
5357
2685
927
2154
9912
4879
5329
5223
4637
8614
4609
2403
7705
6829
9641
3036
7484
8435
4268
7709
867
1832
4569
1853
4733
778
5664
6959
6112
7965
2996
9666
1970
4001
7635
6525
2534
8890
8943
3920
9498
5438
6086
9566
6899
1963
2415
2371
2723
2509
3599
4552
7621
8448
3759
1544
4219
7693
8082
4614
5573
61
3174
8297
3387
7824
5318
1489
638
4435
6215
1531
6243
6291
1221
2296
8028
7174
1461
1260
4208
3624
4539
2809
2388
4980
7952
2451
1284
7082
5210
8128
3145
6918
5060
248
5535
7484
2254
885
8071
8827
1554
4500
7252
9238
6586
8257
4724
2582
6710
5331
3482
5779
1138
4721
1690
6183
3441
3701
8370
6927
320
4472
6398
4261
5959
2581
1034
380
5877
8489
4249
3161
7759
2881
3425
9135
9961
4665
8647
8707
3417
2114
2195
933
1446
4793
1768
3592
7150
6409
1858
8795
6367
1166
8784
5031
8530
7459
677
2166
5876
5385
8022
8104
820
741
5975
6225
8533
2060
5517
5896
4855
7857
7624
8318
1742
1052
2023
6737
3169
599
994
6325
3154
8542
5093
6862
4411
7162
1885
5047
615
8181
7916
64
1424
5111
1070
2992
7960
3847
2928
1062
5200
5185
7781
771
8369
8673
3148
7360
2141
2798
7164
8719
1503
3164
3760
835
1181
6097
2334
3354
6234
7897
3531
3607
1921
5012
8857
8142
4864
9900
1442
2336
1906
1455
313
8813
8099
2616
9026
7394
3643
3879
9892
935
259
878
3701
2964
128
2102
2729
1074
3376
2647
5488
5321
1353
2565
5330
6677
5891
5647
4713
8566
5840
5799
2078
671
2298
8031
5782
5637
3274
2195
7823
7023
3841
6674
1240
4492
3826
8775
2880
6656
5526
6696
7588
3139
5963
3089
9665
5735
9908
1982
5059
1063
7645
3333
4655
53
3438
2110
7839
6520
3029
9116
7480
5843
3403
3892
7255
8743
3446
3852
5264
8683
5260
4656
1060
6841
3153
8362
4397
2203
1360
9583
9722
6168
801
8350
3772
8776
9712
2351
4353
5995
4226
928
8091
6111
7467
5942
1164
4048
8326
3229
1385
5310
6133
7174
1813
9670
9835
3183
5373
2856
6788
7279
3361
8688
7681
2516
1728
6860
3870
3027
506
9222
7739
3145
2045
8721
6462
3039
5940
9988
3602
6422
2890
3772
7085
4211
1134
1136
7769
6482
1613
7357
1402
1602
948
1545
3074
1469
6677
3464
7513
505
546
8625
6001
7945
4641
3791
7512
2240
5631
6764
9614
5502
7931
1209
8169
2250
3713
6347
2999
2184
