1222
6891
1901
5650
5752
5572
7837
5343
5714
872
868
553
8515
6087
7079
1359
3447
6879
7608
2452
2698
1648
6978
4203
2924
5281
1379
3383
4497
8287
7439
3273
9449
9459
5499
7270
3060
4482
7099
3808
1075
3333
5305
1949
2325
927
5319
9743
3984
5163
3621
4061
4258
4038
7854
1032
2157
6378
2065
364
449
3432
7450
1371
4255
3518
6211
6199
7133
796
1786
3445
1561
2588
2656
9629
3089
8423
2532
1988
2822
8051
6176
4794
5869
5462
2043
1250
8202
9668
6024
5491
1207
4377
7293
5280
6545
7630
3112
3648
1539
2753
649
3248
2351
5018
3464
6195
2575
81
9868
7637
1594
3950
3736
7973
1530
3613
5450
1826
8392
5136
3158
5282
6039
4639
65
2082
7550
2873
1556
3911
8142
3031
6847
4758
5287
7722
6323
6753
399
8810
6374
4106
6964
668
2799
5348
6908
7386
4722
318
7789
8993
6226
650
3959
1903
5360
7956
5705
9691
5569
300
3175
2755
5166
2007
9703
8473
5134
4557
6370
8781
3675
1610
5999
4753
2336
8918
2230
7382
2948
5479
2339
7333
8446
3822
3783
9936
1219
501
6545
2658
5839
6871
24
4189
5452
3559
7474
7098
7972
6447
2123
8305
1207
9649
9337
1668
1359
6844
8030
1578
6838
8552
6439
8671
2100
2269
3358
2096
635
4199
7110
5477
6118
7420
7781
3371
430
2758
5085
511
3107
2027
4840
2319
6274
2994
9629
692
7513
7116
3103
585
5027
5412
8265
9588
9667
5785
5157
9270
7653
9349
7686
3891
3838
7832
310
5254
519
3617
7748
4868
8031
1561
6134
2488
1435
42
2093
9864
2797
3150
720
5320
8949
4804
2238
6034
9189
5168
3199
1825
9402
8162
4533
3141
1871
1095
7280
8497
8434
8137
6235
4898
5623
7314
8212
1527
9652
5547
2498
247
9544
83
2439
1048
1301
9854
55
6364
7568
7004
6334
1396
6358
4917
4838
1977
1782
8393
3836
4920
8920
2507
8709
7912
3029
7133
5991
242
4890
9759
9709
6435
6756
6823
6141
9802
4136
5682
3161
8945
1623
2508
3938
1004
2848
5132
215
1785
1736
4738
6556
9979
6107
2591
6919
2824
1223
7172
2970
6927
4815
5462
3219
7732
5611
8500
7866
9666
5335
8936
9767
2591
306
290
7968
9896
2835
4487
2135
905
511
3925
5598
4377
4345
2874
2504
6010
787
6560
1181
549
6776
9263
9842
8033
1820
3593
4913
2744
5783
5855
4096
7531
6842
8594
2029
5067
1342
8926
795
7010
200
467
8024
7779
472
3342
1185
3552
8096
4730
7052
619
192
4010
2943
7168
6349
4998
9215
2427
901
1180
1255
7548
3396
365
6524
2103
9796
4497
1322
5253
6658
9768
4869
8259
1719
6595
7070
23
6646
9627
9989
1126
77
8710
53
936
543
7615
3060
2286
9066
3156
4627
7260
6454
4570
12
6535
816
1911
6646
8798
1596
1758
4787
4932
1526
5320
6998
9351
5539
5042
7154
1664
3732
3092
6241
5062
711
8027
8614
8887
8990
3972
8588
5176
413
4655
7449
8223
2032
4861
3385
8055
1350
1689
6040
2806
4519
2954
1764
5445
2042
4514
6357
9971
1806
1830
6663
6465
9543
7173
8418
5138
6434
3065
8364
4052
4334
6767
8154
6566
714
104
6577
8283
801
6838
2903
2166
2635
2556
4942
6288
3453
2194
5146
1353
3608
5576
3019
9825
3459
5097
9974
7571
679
5580
7366
9182
5244
3771
5273
9028
9591
1316
8483
8055
2620
69
1507
5589
407
4827
4546
8570
7361
3517
9377
3855
6786
6244
8086
3618
6820
7629
2108
9536
7083
3958
578
6137
5184
3622
1151
8822
4557
6571
6245
3627
1950
7167
3318
6243
9246
8378
8484
3625
2583
6078
5242
597
6938
990
4950
1158
6638
814
3540
7545
4003
1179
5439
8899
9119
2450
9085
808
9254
9883
6065
8800
3961
3458
9140
5981
5180
8065
3144
5293
4966
3833
2448
7569
3759
5328
2459
8161
8483
3754
6178
4331
1209
3890
1993
6071
1696
9560
6392
3029
9099
4218
4864
5273
6843
2846
2119
9039
8063
174
1448
7702
8470
9353
2709
9954
8186
2487
7239
705
5054
8116
8760
723
5888
8253
846
1002
7610
3117
6015
9692
8938
9355
2788
8200
1197
5054
990
2569
3934
1069
1306
9587
8672
2344
6155
2552
9316
6235
1129
802
8373
1733
2769
3166
9345
5698
5484
9999
5126
2853
4043
8995
2600
1503
5919
4409
9192
6639
8006
3580
1295
2977
5189
9317
6155
6522
8739
1182
6944
1307
6274
207
3294
7520
6534
3291
7790
1383
2678
911
5366
5900
4405
6437
6872
9934
6021
7469
2259
5334
8173
3778
1630
5111
9822
1357
9078
7342
7278
7082
618
9455
735
6138
312
2432
8372
2345
1357
9328
1880
4427
4758
7488
9768
8937
6286
760
5101
8084
7488
7364
5639
4352
9218
9766
4838
2070
5350
2117
4695
6338
4034
1730
177
6619
4293
3620
5464
322
2102
7803
7791
5730
8645
3413
2837
4145
3696
8019
3768
4068
3916
2697
7561
1896
7650
4043
8308
5864
7500
3449
7209
5043
4867
1293
8712
5285
5443
5710
3146
6225
7797
6000
2212
2101
2940
7644
9274
1651
8152
531
872
6444
1557
2690
1097
2108
1032
7344
3099
1765
7159
2871
7129
7028
9150
5397
5517
5803
5420
3399
9643
3812
9012
8804
2602
5501
6666
6020
5601
6433
9626
4989
8319
2955
3850
8404
42
5715
9733
1244
9618
6033
1158
9971
8955
9493
7570
5736
6598
8208
7848
5982
6106
9555
4441
390
9337
7556
9008
7251
7653
1460
9968
8352
5790
7995
6357
3472
5369
7564
811
9748
8800
574
1553
4964
7568
7960
3857
3952
6634
6712
9346
6099
442
2842
3836
5144
3481
7375
7533
6766
7261
9603
5321
1847
9563
6138
9690
6280
8158
9308
4076
2712
3925
4175
7259
3508
4321
2376
6464
1390
2441
7580
7427
1787
4583
1638
4861
339
4354
6372
8782
7861
9468
1153
4464
5380
1526
1295
5440
2367
9377
8500
2825
9946
9454
8451
6388
3891
9543
1743
9095
1360
7891
7097
2142
317
8766
3911
5111
6445
6235
3476
9723
7861
5826
7432
8914
1380
5243
548
3101
750
5575
4515
8051
624
2992
2005
4795
6453
9700
8233
2088
3201
2598
3121
7830
1788
6033
2058
2663
256
540
4108
8347
1579
388
2156
3269
5812
5731
6843
6762
4792
59
4399
7335
940
1049
9605
1503
2940
6367
7972
2639
3164
6388
1065
4297
8337
215
8799
8543
1055
674
618
5415
6548
9617
9968
2706
7270
3056
3133
6808
4532
9192
5271
2596
4126
6555
4657
5246
8384
3393
3758
2643
619
2128
6683
7023
9579
3041
9298
5283
7441
3141
2181
1533
7713
6063
5177
1004
1357
1517
6461
8455
628
5255
3693
6064
7332
6140
9450
3277
2909
5856
7096
1062
7573
9746
9260
3274
4443
5039
8278
7397
9622
5930
1549
4581
3889
7053
8457
44
2867
3211
8873
7454
9753
5225
3469
7247
884
9969
8401
5609
6857
6940
2744
2546
5935
2127
9961
763
4149
9581
1999
8237
2110
1005
1254
3556
5850
4977
8358
1994
6480
9860
6409
8010
8857
5319
5012
1377
5479
253
3384
7501
5045
3647
4752
1655
9187
4361
9787
3301
8033
8845
7673
5230
1860
9473
1279
8164
2933
4746
1838
9722
5841
3903
4648
9247
3639
4695
983
2379
9885
3692
198
7869
6505
7984
7942
9306
4745
3504
1602
4387
2685
2642
2056
6903
9263
6522
1575
4032
202
2856
2088
982
3818
5699
2311
5752
192
7075
9977
2688
604
3371
3588
843
9829
8065
3621
8851
2385
7653
6100
1314
8547
3765
9644
9656
6743
3370
2798
8782
8441
8218
8294
837
9264
6177
3876
6964
5169
7214
7839
5459
3130
3522
6643
5410
4282
9292
5850
1143
912
3096
1828
8301
4121
796
1405
7394
7767
345
4068
1843
1464
4308
9468
9992
6041
1565
7802
8479
1572
680
6749
6852
8971
2948
113
2502
1922
7613
3301
4920
8435
774
9156
1206
7648
3632
1753
6305
6972
5608
7856
6219
7352
3378
7274
8135
711
4655
526
6214
1697
930
7613
991
6138
2091
9057
6953
9794
3928
6284
483
6881
1898
6149
6674
3161
2439
657
8188
4238
8243
1891
3696
8060
7374
1257
1044
327
1377
6077
8480
1389
487
2676
9040
9730
9854
2137
2285
2343
2745
7702
6543
888
7480
5140
3149
4008
7162
8316
6761
8228
805
7136
5822
811
5229
1200
1319
2125
8228
2528
4141
2517
9700
3305
1225
4094
32
1204
9580
1471
8734
5147
1435
5548
251
9845
630
7218
7736
6038
8994
5513
2433
7070
6677
8938
2855
7279
4249
9004
8530
1919
7318
9224
9607
9071
1910
4803
4774
5672
6723
5710
1057
2615
5355
678
8062
9935
5545
8865
5423
8903
8346
5656
7078
7666
6293
3419
3514
4109
541
2301
7396
250
4143
6414
5330
1511
7326
5738
8998
9930
7132
8124
3956
9539
187
7196
238
1834
7875
9205
4564
3263
3313
1585
1529
9752
198
8199
5496
3669
9591
645
3072
7709
6858
4461
5229
7235
7705
5979
773
6043
2686
9031
6754
6494
2510
298
6994
226
964
6352
854
332
9758
6501
9052
7448
1469
8632
6958
2123
5572
130
3743
2207
6727
9691
4609
6285
2094
9366
4831
9780
3383
9582
5511
1461
3422
2298
1018
6845
2787
8941
4920
311
8531
2258
4471
374
6250
1272
3449
8740
262
1931
9650
990
4282
4012
8724
5247
2957
6302
5238
7608
3650
4496
2744
8162
1239
4431
5642
7826
6082
1356
2141
1797
1788
7813
4587
7321
127
2474
2593
4406
6820
4779
9580
2320
5156
4948
9245
9927
1288
2548
1518
5652
6761
8095
6913
3071
2096
8598
2447
1583
3754
7164
3161
6845
2936
9143
4638
7996
1489
8326
6074
6847
6759
2128
4831
4943
7566
7255
6503
1980
7209
5952
5808
5307
4242
2724
5367
9611
4789
2115
3578
921
9633
784
5537
2391
7713
4622
2251
3299
6830
6642
4168
5933
5735
1240
791
9003
7533
5726
9804
3462
9716
3387
9121
2960
8275
5884
7072
8083
1076
8369
3500
5684
9879
4633
9032
63
4588
7849
3921
2310
3029
2735
3264
874
356
8042
9507
2566
8201
9589
3506
3743
2180
4565
8952
2072
7726
1093
7705
7091
9136
4787
5464
6096
6804
483
7724
8537
4936
6424
8183
6418
7269
1273
8089
9379
286
7130
2030
3641
138
6217
3347
5135
4570
9290
5411
1503
1774
8560
6692
8249
7091
3198
6043
9106
9531
1682
2525
8880
1723
8763
4541
9675
1469
7879
2307
5168
4900
7560
3916
2689
48
6151
9598
7362
6022
6179
353
2686
9333
9291
4455
8365
5086
3193
4669
1885
5181
3125
8070
2452
2007
8730
2346
7081
6813
66
1976
1272
6301
3773
493
4941
5061
658
6147
1024
8441
4848
4745
1172
4971
7132
523
3534
6353
3548
6632
9699
7999
1779
294
1790
6078
7222
7577
9882
3587
4389
3833
6790
7983
9071
8818
6457
5443
907
8591
6677
2633
7093
5788
6731
4965
8575
6176
3948
6823
2051
5691
9566
4389
2825
8108
9722
1487
4018
933
451
8149
7519
3989
789
4160
5310
8022
1066
440
2903
2544
8000
2494
3999
6607
3514
5525
1565
1460
1978
3733
1234
2300
7213
9418
6626
6044
2267
4518
7385
7084
8509
7380
1398
6366
5078
5035
1621
5273
7806
1746
519
1265
3324
7927
6354
289
5531
8990
5318
6465
6373
1703
6820
1156
1179
8943
3177
2859
2218
3581
9903
3842
8785
5368
9864
155
4398
2443
9634
2578
2767
4422
5662
4282
4195
5025
6676
5415
820
1919
1576
5096
5413
6717
3446
341
2093
2407
3090
330
3254
5458
395
9563
5997
8147
5023
2424
6280
4962
9876
7826
7640
829
7601
5618
135
1452
3469
3483
7702
6033
7964
1741
4811
8662
7420
9782
1543
3433
2798
9086
2299
4546
9145
5854
6674
8229
8641
2472
9399
4481
5482
197
7538
6632
5909
2748
5342
5863
1112
2447
2158
5089
3565
9357
4861
9324
7534
8562
7191
2936
3854
5414
8097
1712
8110
4981
4750
2585
6222
1845
7569
8699
9813
3059
930
3327
415
7577
701
8193
5802
2138
4869
1363
1498
5040
6641
7071
7024
3224
2890
9546
4588
3236
2344
2623
919
9650
8919
704
703
2068
5186
4302
4313
3378
5328
112
6135
6005
8627
2622
8194
6872
5833
1598
1264
4598
8555
6996
563
8152
4246
7654
9881
7067
9493
7056
5711
9337
7775
5813
216
2346
6143
3620
5984
6456
2117
9339
5991
3547
466
337
3982
1034
305
5785
9166
9186
8686
2843
2683
7722
5658
4918
4661
8763
2331
4149
970
9295
238
7546
8405
7155
8808
9803
2931
2883
5795
6971
3131
3336
2410
9568
1458
9685
5275
811
9587
9864
5037
6064
7198
1924
2510
9062
5522
5260
4888
3252
5592
5820
4852
2086
2337
8389
9862
6555
3837
5117
5582
6070
3193
9909
9671
1096
8080
1060
9403
476
6790
2876
5404
9597
732
8347
4352
6778
378
7156
5996
5023
8415
7713
5440
2685
5140
2809
2051
3154
4434
595
9559
4775
8315
9971
9934
8324
9432
2728
3807
3600
2965
4196
5638
5539
765
1652
6169
8989
9766
5824
8811
3518
1979
2922
1319
881
1900
2961
796
7267
2507
6927
908
3780
1385
1103
8911
9848
6394
5617
6004
5264
1109
3719
2428
6763
1592
9712
2797
4969
3738
2174
6390
197
4675
6787
4667
4865
5685
1229
5780
6278
8534
4695
5595
9107
2836
2853
261
3361
6568
1403
3914
8301
2296
9516
953
749
4229
7236
1730
4693
8246
7755
8118
8330
6036
1134
8410
5312
6836
5221
334
4556
1603
6655
7823
8176
1197
7114
3302
3938
2846
1015
3812
9006
8562
9859
8133
6590
9922
3607
7693
1419
1715
9654
5138
1770
9348
377
4508
5898
4826
5980
4718
23
2355
2376
1265
897
3737
3067
8612
7163
41
1385
787
5247
6947
9635
2107
6359
8960
5265
207
6804
5429
1779
4475
7663
2794
7675
8948
6987
3100
6743
8270
6651
6299
6055
3748
1896
2246
4644
7897
1245
1319
9505
9627
1241
5915
9912
9195
3180
4960
8480
6173
866
6267
1591
4612
6458
5758
8881
3387
1831
8923
9936
1927
3031
7673
3009
3097
5597
6751
9305
2835
6939
2989
9329
1731
5816
8321
4351
9526
4459
2604
1570
4357
7723
2162
2917
8382
467
8268
5487
5382
1337
1609
2534
3442
9322
7216
4720
4286
6762
534
3664
619
6725
7218
8442
3532
277
4599
8768
2299
2875
536
8299
5978
3708
2370
8546
4093
16
6681
7787
1738
1354
4684
3993
217
5369
3716
707
3428
1730
9084
6114
7124
723
4688
9431
8494
2506
6034
4010
6498
5291
6644
7479
1796
8339
9084
9188
2873
2164
5452
3513
5338
5569
3186
4983
6213
9651
1341
3265
8470
799
7096
6291
3517
507
4392
2386
7674
9293
9031
9833
922
6677
9869
4044
707
6575
8174
2212
8570
4862
38
5621
4804
2507
4898
7323
5395
4009
5633
8725
4566
7769
2357
3701
4036
5315
6886
7519
8971
3809
7311
2373
8896
7638
3033
5751
8073
5501
4021
6471
5241
9654
8051
3386
6559
4125
2118
8260
4643
3218
8528
8648
9391
636
4457
2109
2311
8625
7639
8891
902
6731
6485
9891
136
1561
8958
9480
9068
8572
8571
4727
4751
2474
8008
6959
797
3093
5202
4848
7816
2010
8516
1864
7742
2986
9562
4165
4819
8992
3047
5317
468
9539
1936
1317
7797
1845
1904
4532
8553
9669
3397
8156
5197
5721
4180
9844
3388
1104
2326
4560
3583
3119
4427
8580
7152
2989
833
2875
738
6932
5169
6129
2016
9023
4483
7674
6772
7658
3689
8185
6735
8755
7369
5705
5406
9509
4727
8070
8158
7534
5343
9802
1179
5219
4355
4264
8199
9871
3827
7913
1580
3908
6983
5753
9402
3685
5030
9249
129
4392
2668
7747
8116
7915
1637
141
1059
3903
9158
8365
2941
5585
773
7291
3161
2975
6054
5612
9342
7986
4284
933
9176
7370
5561
5312
6706
1912
525
3481
1124
5887
3079
1338
5455
856
6691
4635
1206
4948
3393
6548
336
6352
7968
5667
1776
8062
4341
3034
8608
2678
1992
3282
7466
2199
1956
1682
90
686
7545
6740
3610
7814
490
7043
3185
8490
5952
8184
4528
8429
2295
4637
9282
5257
8101
5005
6644
5812
8103
1702
900
4037
8125
5149
9118
3907
3612
3853
2809
5773
6094
5442
2371
2045
8684
5972
6141
4440
6838
3745
8154
672
2740
3861
7511
8274
5713
5354
1738
6870
9988
4810
3223
2144
5396
1730
6525
7150
5929
2136
3233
579
6730
766
9686
813
1859
6353
5590
6922
3742
7358
7016
1392
6603
980
5129
6209
1098
418
149
1528
5129
4308
1214
1306
4943
3778
7053
4627
2832
6846
7399
2179
4369
65
8271
2147
2301
3981
271
1633
6630
9179
4968
3866
8603
8080
9064
932
9843
839
598
1217
4210
4931
8992
661
8187
1917
803
518
9729
107
1327
3260
5703
1279
6165
6964
2281
8300
8273
2875
4781
624
7522
2548
6511
1348
6187
4262
4276
6358
6050
8078
9877
17
4913
4279
1082
1335
6934
9684
72
90
6503
452
5173
5419
424
2045
5239
9157
2836
1666
9095
474
9578
2333
3772
8724
5448
5279
724
2479
4072
9537
5040
5222
1726
1447
1213
1803
6820
332
1080
7575
4046
2118
5922
3139
4629
8195
8470
5667
1160
9635
4446
1391
8021
6626
8799
52
2701
9215
7875
317
9298
8793
9136
6188
8030
4005
1583
7295
2821
5692
3850
7108
7728
7612
9301
449
6283
7230
2924
3885
8205
7747
2743
2965
7439
3525
8338
3953
9440
6137
2012
4194
5474
7080
4116
1945
9805
6024
1559
2295
5755
4826
7228
3435
4595
5211
5824
8520
2913
119
5891
9814
1334
9740
1449
2219
3645
8669
5857
1230
7171
6318
7420
1628
6374
2629
4080
4428
2181
1894
5892
3892
4743
299
6376
6627
7678
5850
1450
2623
8869
6915
6179
3093
4291
3616
1720
6039
7098
1869
8610
956
1384
5680
9892
9405
2487
4922
7299
8040
2357
3245
885
3017
5759
1459
1267
8381
1707
3355
995
1935
7268
3506
25
7690
2283
4617
922
7531
2246
123
6472
5263
3604
4697
4831
3713
6069
1348
1661
3461
4900
5341
8347
9289
1479
6727
6639
2981
9039
478
3333
2788
7559
457
8141
4046
6118
567
9379
7836
8362
4701
8390
5439
4908
2764
5245
2827
9516
4533
9787
2302
2817
9076
5904
418
8752
9635
6784
8371
3984
7916
9426
3861
5776
2697
528
9315
8530
1146
2283
7562
4713
2163
5993
5942
4292
4654
2432
2485
8582
3147
2942
4911
9639
9213
497
9826
1672
8191
127
5896
5981
7254
5375
8349
4719
5896
7837
2582
7684
3853
7211
130
2321
5138
9125
4030
945
4100
606
9793
5678
3399
901
2558
786
9001
1473
8795
5827
934
3253
9660
4987
5527
3985
2383
9288
458
6952
4644
2586
358
1107
9064
6842
5953
9131
3791
6768
7019
9892
7372
8309
5372
6496
6017
4884
9178
4981
6575
5678
9061
3924
1823
6499
1547
6740
436
2805
6519
193
6300
4589
8775
9646
7486
5063
1100
5634
1756
1434
1573
8942
8191
534
824
7475
3906
8673
7661
2003
4221
7725
620
1898
1037
7720
8171
2136
205
2825
6550
9525
5515
1882
619
8215
4791
5196
5034
1354
2016
9353
4919
1323
5253
6327
1532
1197
9882
778
1177
2296
5296
7896
6196
7946
344
9035
4449
9043
4779
7916
4659
3288
6336
2524
5863
9595
6601
5675
5091
8274
1063
4276
2194
7212
3036
6257
167
3887
1748
6935
2482
4405
1114
9014
1250
7422
2240
4183
3443
6110
1831
5300
4584
410
5891
177
7265
313
2977
8828
8974
6143
8600
8258
2193
1002
4872
3328
8481
3014
494
7296
3531
2378
6360
2797
3190
7443
2415
4959
4236
8672
3332
1349
4080
3604
5005
1904
350
8794
1001
4135
7682
3420
6993
2574
4196
5310
6398
7031
9101
4235
3414
1953
7778
6405
6022
567
8634
1849
1736
6471
4493
5998
9349
4291
1818
7877
9347
7586
9451
2475
8052
9599
6684
5159
3470
833
411
3060
4153
4111
1115
9019
1748
1802
5185
4756
8090
6318
2933
4382
2303
7215
8022
2810
7452
4089
1473
2349
6356
1113
3971
8886
4845
2696
381
6564
9582
8658
4967
6239
4272
3231
628
7115
4573
3280
6071
3956
6488
7425
994
7483
9589
4028
5031
4388
6521
2381
8322
925
5933
3499
6122
1077
5651
1889
211
7809
6143
3891
3118
1370
2305
1745
5106
6184
1529
2769
6879
2425
8699
3111
9554
96
1089
2939
9840
1610
9379
9590
7626
7331
7197
9912
9968
5144
5318
9601
7111
491
1342
5333
4847
2741
9602
3129
2410
877
6398
2730
4497
4798
379
5442
9385
7078
786
3810
3439
7155
7666
6402
6618
2245
1960
783
848
6135
9956
4934
6840
4790
7351
6808
546
3708
8371
4362
4979
6626
1672
6400
4941
2946
4382
3186
1121
2992
3352
879
6750
9755
8794
3797
5817
5888
7794
3614
3963
4175
6577
35
2610
5289
8441
8974
3837
7629
9291
450
6552
7489
9672
707
2752
8467
8136
9285
4541
9386
5807
8472
2246
402
2967
7147
5314
6221
3488
3163
4408
5463
3161
4828
3019
7514
1136
3231
485
3929
4258
1333
5901
9786
4351
9120
1228
3537
3270
7155
373
7029
8363
5249
8154
6618
4449
2395
7159
6918
2748
1250
3136
7783
9845
4595
1608
6375
3710
6313
4464
1342
3848
8096
2315
7637
4259
2700
8266
2942
5476
2473
5291
1344
4083
7756
9143
6788
9658
7391
9969
4188
2723
637
6247
5791
5120
250
5246
1793
5265
9720
688
1678
6675
9125
8098
7518
8649
9739
9221
6630
6894
9485
2951
6046
5556
8675
1750
6602
1659
6370
9143
5818
7241
2830
6160
3768
3971
4697
9539
2206
1217
620
5105
4585
6702
4767
2525
7965
7671
2508
9980
8039
8737
620
659
1319
109
1139
622
8004
9343
675
4413
2299
1651
6726
440
8146
4821
5403
8455
3885
3467
9756
8804
7947
8144
4098
9867
8578
335
6408
584
9430
9682
8204
8273
8858
5858
9142
7313
236
8384
2632
3278
5575
207
7655
6833
9937
7834
4137
2638
1375
9420
3252
2708
7107
9382
983
9662
9571
2233
1050
5535
3281
5573
1908
5175
7121
3535
8000
3150
5568
9330
9180
8245
156
8297
2947
2695
3423
6942
3716
274
2955
4616
5765
8170
6790
2032
4981
9975
6018
738
4319
3568
8243
3812
1541
858
9125
2702
3385
3870
9262
2872
8362
5651
9411
7204
9273
1722
8276
7518
3568
3413
9089
9897
7521
5184
188
2847
6647
8885
2933
7031
3758
7351
1146
3673
5581
6522
178
5111
405
2339
7760
4409
9121
9369
985
2652
5918
9688
6554
1027
8492
8204
6182
8358
7298
1913
8878
5870
9047
1606
9365
7454
1723
6181
1419
2085
9642
9197
2748
2138
9083
4413
7581
2836
6090
3633
6327
6959
1493
8253
8824
2090
7600
3834
8730
659
97
744
972
6340
3676
8585
7633
9543
8447
7513
9403
4553
3642
3943
9106
2623
5292
2891
9191
4807
7696
1341
6883
9559
5217
5926
7610
5741
4302
4008
7847
7675
2119
7812
6592
2991
132
2461
797
7678
1807
1211
8143
5868
8113
2605
4358
5064
3776
1069
7283
7842
7106
3055
371
863
8096
7884
3988
8484
2656
6337
2796
8261
6113
5831
6167
728
483
5716
6059
4199
6096
8310
5570
258
5967
9552
8326
4534
3088
5768
7887
4582
5103
3912
5611
9096
7104
3231
6116
1415
8859
7511
1051
3285
3453
5773
664
7087
7112
9926
4230
7982
1011
2785
3670
3795
6361
2106
3488
2875
3983
8583
2184
2656
9638
3695
7408
5061
4082
7592
2270
8499
2849
2849
7841
8801
5016
1073
1913
5055
5534
4039
8667
6319
9653
4028
6964
2696
6461
7678
5019
6846
1901
9061
391
798
250
1286
1380
2839
3599
2060
7697
5538
2104
9773
3429
9589
6323
2549
5425
456
3930
3474
3504
5346
1052
4766
7984
7415
990
970
7969
8476
9365
8261
6944
1941
240
5512
2073
4392
7696
7496
2730
1372
4460
3199
5272
3420
9054
2605
5194
4629
6288
6076
8910
9452
4953
1059
690
9115
9392
2795
3294
6893
1679
8545
6551
1784
5085
6055
716
877
2827
9764
9323
8390
8233
5945
81
1372
7099
1526
8822
6259
7148
8612
3773
6787
7093
2853
4409
7588
5367
9749
1037
993
6583
526
6145
2667
1836
759
1174
4641
6137
8963
6404
7411
874
8889
7511
9159
1147
9239
9235
2828
2911
3650
2957
2683
2912
3362
8152
4817
9725
1168
4513
2504
5314
1931
9078
5367
5847
1923
3094
3603
5795
6365
5019
7593
5712
5066
3756
6374
8902
1894
6437
7990
9351
6976
1995
532
3151
4992
9492
3506
5318
204
7035
4490
6568
2244
3551
2972
636
1150
9708
637
958
9936
5236
9619
3684
2441
17
1360
1361
5793
5058
8255
296
5388
6637
9210
4618
9189
8424
946
3123
3244
2393
4574
5887
4958
3873
4829
1846
5330
4498
4267
7955
5128
9891
6059
4840
3853
7636
1838
5326
2894
2738
9431
7627
8272
6021
9038
4728
6070
2545
2480
9626
1575
5130
365
2831
1284
1050
4728
3253
5796
5185
7580
9323
1018
107
8263
3162
6713
3777
4385
1389
1499
4585
3155
4087
637
2065
6738
9342
9640
9376
7050
9374
9757
1326
3917
72
2264
9738
8079
110
4007
8212
2000
4761
3873
5981
1782
5762
3403
6737
3995
2749
1771
4950
7506
9286
217
3857
10
835
2493
8917
6659
9119
3272
561
8380
4563
8311
9131
9015
3475
7156
8123
3593
7094
660
4235
4811
294
65
999
629
883
1023
9882
433
681
5741
3364
1881
6256
7980
7673
9009
5772
5054
9175
3990
933
9018
7468
6196
1853
7086
2830
2060
3379
4316
5065
9462
3718
9605
5165
4468
2828
320
5525
6693
4792
6029
2902
2810
5
1345
754
6190
8382
3445
2819
277
2354
8250
5676
9907
2757
7745
8665
7669
2399
7864
9187
3110
2011
4170
6382
1388
9930
1932
7489
6817
5267
1347
985
2575
1223
211
37
380
2848
1187
3283
2204
4702
3014
6187
7853
2659
566
9666
4394
7014
4615
1128
1222
7997
772
6286
6367
9275
7301
477
9578
7943
4506
9352
698
8935
2951
7968
8246
2541
9383
269
4978
8198
4097
4436
8729
6857
6230
1532
9925
5336
7510
4601
4550
3071
5006
3736
3570
912
4500
2128
808
8449
974
6499
5858
814
2084
3104
3713
6532
6783
5586
1423
8030
5082
6899
168
4498
807
8466
8346
1084
2087
5468
5943
8406
6044
3363
8691
6966
9443
632
3563
4346
7370
5924
8167
1879
4202
5620
4355
3445
8380
635
9114
6756
2844
2594
3383
1070
1835
1426
9686
3840
8604
3275
9093
65
6204
2006
7177
4084
6868
9806
4627
4424
9261
3532
1507
4635
889
8068
3107
4016
3138
916
5738
4628
4560
47
4346
2813
2000
8199
5676
932
6691
2545
7961
1134
1795
9875
3349
2103
1555
99
207
371
3815
7094
5497
5916
9114
8265
5259
6301
3678
877
991
8451
505
8014
4900
1041
2744
274
2365
1088
1619
6428
3824
216
2059
2834
3244
7416
6074
4902
1222
4231
8520
2415
9675
3807
3699
3917
780
5785
1084
890
3183
3747
927
5687
8541
4867
7651
5067
9737
6770
3887
1711
4092
3708
3415
3242
4028
3627
3080
7383
994
692
7989
8039
9468
3715
3081
722
3784
2755
5186
3500
4516
4400
7906
5873
2308
9222
7119
8179
6318
7983
2570
3239
4125
7391
6701
9953
9016
3391
9834
5578
1760
7306
4682
1261
7908
6674
1170
7621
4382
5934
464
2072
1374
190
4533
8735
2567
4812
4677
9920
5105
1537
6895
758
1121
1000
7262
6369
8751
4304
8339
7234
3290
2780
4477
6206
3450
1110
2501
9036
9546
5240
3405
3048
9766
7211
9086
1447
6890
135
8122
5121
7713
9624
9128
577
6394
4280
5886
5523
348
6263
8790
1800
9253
4581
2626
5078
6
8220
9167
5062
2329
5422
1161
293
3603
491
4055
4687
7385
8661
6896
1801
2295
309
7546
9940
2961
8172
7977
2598
9963
1214
784
2981
8129
4303
1324
7164
7977
5118
6730
17
4128
8824
5692
116
2459
1160
9393
5527
420
5624
7240
7447
8317
8725
4552
1315
8284
8561
4942
1842
2424
3597
1386
9808
2661
1274
4428
6699
6135
5918
1628
5686
8825
7933
570
7301
6773
7395
2766
1777
5340
8129
4952
1981
9702
2324
2706
1065
5840
849
5979
7103
3718
7771
2024
8249
3072
993
2426
1709
8821
6257
4319
6964
3491
4620
2199
7987
3597
4506
9427
9498
9575
9172
4841
7274
2672
3312
6401
3124
3725
6004
9626
5665
6613
9076
3029
6762
1753
2286
5913
4962
9669
2528
7441
3572
6097
5135
8006
8463
4119
2643
5849
863
5197
356
5345
8732
2765
4061
4196
3828
8845
8218
7083
9539
5301
4347
5142
3737
7700
5277
2561
2654
5258
2109
7276
5527
1129
3659
9043
809
4174
8439
2982
7374
6184
1002
1201
9117
2499
6754
8947
9884
6261
2181
687
7308
2412
6045
9736
1828
8899
6998
5836
6577
3922
2888
9140
9784
5748
9459
5261
5244
839
4848
43
9885
5759
8082
4530
9049
4696
1121
755
3671
2486
1969
7691
2347
5029
5843
334
1242
9847
9681
6409
5600
6930
2728
3921
8491
3571
9359
5177
4992
9576
2489
2224
4268
7174
4716
8282
4836
5094
3161
951
6297
3131
3559
3504
4049
7401
8307
2830
4210
7312
5899
2585
3364
5616
5769
7473
5458
8982
5970
6852
8159
192
3495
3268
4979
7517
580
2697
7895
2258
1167
5658
3653
2340
1700
7794
3263
9416
2163
4850
5987
8787
8550
1560
4216
91
33
6532
6111
3685
8010
6788
6153
5222
8230
87
1801
3889
1155
7374
9041
7588
2166
384
240
5224
134
2789
1532
8244
291
2742
3004
544
9843
3214
2906
4986
8361
9959
7816
9171
3921
2585
474
356
8830
8725
5872
2890
5071
7719
3297
1238
550
977
4622
4516
5082
9542
230
6037
1614
2017
8332
8097
6208
5235
7921
5401
3071
2968
741
2798
8953
9704
8213
6505
4535
8831
5349
7575
6268
5339
8493
9808
3885
2057
4002
5627
9918
9923
7017
4028
6617
8951
3220
3027
55
3523
2397
8023
4757
4519
2038
9499
8777
1184
2385
384
8166
6532
7135
5860
6423
4477
5451
7487
8181
1824
1535
2681
6353
4415
1902
3475
5550
9947
560
7901
6372
7151
9458
5397
4025
5544
5163
1701
3045
1489
2648
5656
5746
3376
4992
9633
6198
8869
8740
7602
9534
5720
1372
2955
9261
2118
4169
1436
3491
7455
7655
2948
7249
5085
7287
4574
2740
3574
8206
7038
3614
846
4573
2594
5912
4741
2355
5306
5185
32
9802
6842
9859
3995
2416
5540
7712
3311
8888
2801
5155
709
904
7591
2324
4225
7836
9990
2548
6042
8143
7510
7010
5081
5278
8298
308
2163
3983
7244
1472
5189
1214
8789
9765
7075
7372
2996
6408
3142
9692
2837
575
572
1973
4809
5006
2730
6065
9357
8876
3215
2238
3480
1292
9193
73
7595
4058
1899
5538
3703
6362
645
3841
2003
2285
5898
4815
9403
109
5730
6835
3054
4075
3506
4783
370
1076
3297
649
7312
547
4427
3988
3160
3127
8573
1351
5858
5562
2792
3085
8093
9008
779
4324
6628
9452
2496
2251
5710
8444
173
3654
9154
6550
2108
6437
7046
123
9561
6595
8837
9768
7155
6222
4760
4638
2894
5831
6537
1262
8216
6209
311
7289
4647
2214
7702
4014
6352
4621
411
2345
9712
776
3954
7214
4771
8681
442
3397
9217
9028
4752
3129
9408
6880
4421
3724
4396
1895
7657
1910
8413
3205
7999
752
4377
6096
230
1865
4506
5681
7805
6851
7901
2742
7806
6811
7297
3292
8762
5851
5659
8892
1303
9453
6042
9201
8691
3065
1005
7942
587
5643
5818
3119
3259
1953
681
7178
8802
3922
7452
3749
2356
8473
4696
2674
4760
5666
1486
3696
8483
4600
9865
1187
5346
5697
5140
2729
7369
3965
9250
4634
6700
3155
3229
5559
9309
5547
5556
8644
7888
1151
2024
607
8516
2452
929
6124
7888
7815
5669
5114
1809
2373
5112
4836
1453
9429
2641
1963
8755
2909
3366
617
9810
5874
4381
574
3953
7938
1802
2479
7771
6618
5741
4487
2292
278
3474
4827
8993
3208
6829
1719
7890
9025
4098
762
1112
9349
2716
6899
9571
6481
4212
2639
7311
1892
109
929
547
5759
2189
7433
5465
5275
1390
9738
5853
3269
2334
9928
7173
2469
4374
5573
3350
2070
265
8363
4921
3751
6395
140
4049
8218
5155
5101
1698
7365
6920
3068
9018
1671
8961
5840
2635
774
4144
7044
6330
8071
1661
9430
5601
4620
2260
990
5810
2048
154
3441
9303
5673
2409
5907
8786
6465
6976
9417
6460
6455
7315
761
3583
3309
8092
1287
1744
8654
7839
3861
8710
3630
2686
1882
1461
1386
902
1169
1029
7982
7809
8838
7320
4889
6586
5606
3217
7994
4069
6323
8835
3498
2041
4999
8088
1992
3094
8660
5679
3600
7312
9719
8351
8698
1957
5363
4905
2316
84
8112
3833
2271
6973
50
4794
4451
3152
6374
9689
468
6417
4470
5858
5092
9201
4408
9108
5375
3578
5033
8044
1716
8530
2800
4330
2180
9830
8096
4969
4603
3321
4005
2154
6765
9651
6791
7560
830
9209
2956
4249
3607
9339
8443
5124
9504
9880
8683
2362
3387
3073
7268
6934
5787
3700
1705
9184
4029
8077
8974
8540
6678
8622
4537
7805
9060
7065
5212
7279
5072
8952
109
5954
569
2531
398
9905
3058
4167
7924
4736
3797
4331
6128
5858
1230
934
1422
2721
2210
7760
4318
6580
7581
2844
1506
5774
4858
5618
391
3784
5404
5378
8616
6112
5885
131
4879
5749
319
962
9606
390
5093
4405
8178
1656
1526
2136
166
5458
1284
1312
7488
8780
7151
9231
6282
4057
8119
5531
2720
3808
9776
9588
5073
5748
3309
67
7523
80
3407
9828
7925
2787
1718
4254
8527
9576
11
7879
3968
1819
2758
8710
8256
3327
1708
1766
5815
3876
500
9878
6997
863
8768
2951
1768
7613
515
3346
2633
5713
1081
2012
1061
9714
7425
5962
3794
3964
72
8070
9657
9716
8129
6480
9643
5098
1639
554
7322
7206
7809
7389
7582
4744
9521
8257
607
3963
8029
1556
5449
8442
9622
3253
533
5007
2053
3120
8085
3182
4944
6074
4535
6363
6927
5406
3139
1113
9074
4025
130
5767
9757
249
572
6482
3261
4793
4688
2416
4995
7548
1386
8565
5130
4944
9546
9267
9950
7748
9968
9848
6983
9204
130
488
6380
8623
8163
9037
8540
3232
8075
6242
4864
1055
4491
9697
8458
2124
693
5412
8115
1084
9705
9705
1946
7082
8328
6963
2904
4971
4125
5281
1153
6697
8020
7522
2836
3007
8814
9407
954
4066
1485
3724
2993
3691
6619
3084
5125
7012
5688
2074
9569
910
6591
9409
8961
7137
1406
4698
113
4245
2641
667
3379
6208
4351
9031
3729
5577
7020
905
9516
4000
7582
7864
7328
132
3533
4695
1811
3346
127
5830
2713
711
1289
5966
3401
3145
6190
3993
1576
6977
669
8889
7720
4857
3980
8381
1013
432
7606
737
4604
8626
3697
5085
4283
3319
2970
581
4524
5218
6356
110
4322
5015
3034
7007
82
9205
9460
4938
5584
959
6626
4151
4882
3886
3600
3857
9747
217
8362
3430
5989
7317
2130
8111
4728
271
8522
1214
494
4086
8996
900
279
3017
2089
7561
1649
9794
4881
3295
130
5539
1092
4439
4159
6007
2039
5876
8434
2150
9881
5546
804
3299
3531
8032
2348
2655
1345
1684
4172
5849
4356
7354
7821
7239
1313
4488
6435
6489
4106
3058
7633
6828
4551
8821
7786
670
8464
4090
7459
4247
8545
6150
4224
395
1897
5836
8716
814
2552
3497
3452
4157
3309
9272
146
897
8884
9012
1634
2146
8899
2183
9256
1773
2744
9441
7357
6345
3446
5061
7131
2890
6524
1530
8356
9860
9194
4619
7657
1725
2603
4461
7054
4727
9447
5874
820
5788
9093
3753
6546
5611
5483
1907
2250
9546
6570
8377
1081
2088
3321
6302
9496
293
6297
8128
2749
8208
502
3122
7697
2879
2171
8800
3210
491
9340
4964
536
6735
2146
7581
7591
8198
5881
6792
8283
7750
2820
3779
8984
2598
941
2254
6232
4972
1114
4030
7161
2971
3109
6710
5670
77
4913
5655
589
9615
9950
8782
9363
1938
3118
1719
2327
7185
9038
1585
3386
2432
540
5189
4932
2557
9430
2322
7371
6924
2129
1126
819
2982
723
5369
8697
5467
6022
8887
6207
8169
6554
7008
3508
5573
6669
3676
8770
1362
3242
8027
2440
752
3919
1675
127
9055
2618
3776
9050
6395
2557
3368
6104
6286
2718
6692
1637
9497
1313
4182
6656
6465
2935
8622
794
7368
9543
1350
173
8990
8623
6019
3125
5295
6188
9931
2846
7634
3879
7018
2086
9519
7425
5702
2752
3666
664
4012
764
4478
1311
8261
4956
4352
1012
1987
8509
6591
5897
2796
8364
8886
5270
2582
7331
2906
7901
2243
4535
9644
8408
26
947
475
7107
9402
4907
5772
9873
5718
6144
5015
3418
5670
5612
2912
6242
8394
4558
863
6874
200
4976
6376
4655
9499
2631
5761
4058
4135
3241
1343
8214
4083
6791
7591
2925
9920
3794
9882
6087
1072
9146
4646
3687
1202
6082
9159
3560
1380
9630
7211
2709
5778
9084
4245
7754
1181
638
973
4537
2958
947
9426
9479
4364
1972
8105
3304
5768
1075
8115
5015
5358
5445
9637
6679
9334
6462
8196
6639
1964
1589
3347
756
9139
5684
5589
3536
5554
4622
3518
1992
4288
2841
9656
5080
2597
5091
9039
7672
982
3523
3405
7808
5253
7460
8415
2476
929
8019
830
2286
3963
2242
5798
5754
7656
7625
4628
7092
8380
8624
3674
5517
3304
8347
7614
9185
3808
3492
4291
8462
4301
9453
6350
5348
3827
5796
9810
5311
4533
8574
8658
1698
6309
1731
5809
9230
6438
3779
790
8124
9826
2011
6110
7455
3166
1622
5507
7003
6198
6005
9479
9792
9489
1861
5793
4960
664
3093
5565
7182
1388
9188
9983
3019
1128
3928
225
3615
7770
7148
6427
455
6341
3665
555
3234
4865
6286
8125
9079
6980
3137
8121
3451
5887
6859
9199
9164
4258
2845
8134
6330
8870
6313
2134
5666
3144
6511
2025
3044
5562
9772
3997
7294
1528
3766
4110
3859
2991
3909
4585
1802
7331
3204
3407
7747
4442
6644
9716
2537
8749
6005
5475
5021
1664
4478
3547
7037
2674
4206
9353
220
8472
8080
2853
9658
8020
7365
7005
1125
1881
5671
5984
1089
2213
6974
4836
6103
1789
1797
1157
2785
776
3662
1931
6786
7047
5214
7912
7159
1031
3171
3117
7537
2348
737
7647
7339
8338
1242
7059
1972
6621
6698
1281
4748
6575
3649
9070
3130
893
1940
8597
2351
9304
9651
4735
809
6835
8961
2409
7387
6294
1003
656
1012
9986
1814
662
7632
4325
103
1897
450
4425
6789
964
1230
243
7825
8100
6925
7599
22
9822
8277
5844
2753
9333
1177
4507
3229
5574
9199
4702
9753
409
7413
4014
9119
4683
2763
156
7431
2025
3935
6253
8453
4621
9526
5665
998
3798
982
5882
3608
2695
2880
899
3167
3575
3272
7925
4514
1965
1063
4589
9452
3725
9582
8970
1659
9786
5689
3917
1060
2750
6162
1264
3472
3064
7313
20
7303
1929
8038
7941
3314
7989
3771
6194
7469
6910
9623
8302
291
8347
9223
7307
7898
9845
4156
7570
5516
2047
5375
616
5587
9396
5592
4748
5417
7599
5927
3432
1933
3627
280
5143
1781
5368
4684
6651
8926
7942
7228
1533
4473
8827
6258
2549
6045
9105
9378
3233
4235
2348
5831
9149
8695
8916
9227
4268
6663
602
6042
8012
3198
944
124
1650
1660
6524
9953
9233
7398
8861
4334
5484
2942
2875
9258
2045
1315
6067
3117
834
3310
5229
8460
8544
7260
3735
5272
6353
4582
2959
3112
8978
3249
6330
9801
6749
8733
1161
3345
6933
7015
3918
7603
8853
2554
4466
6840
8728
2986
3025
9125
7209
8115
6766
2169
3845
916
5508
6957
2192
3043
6628
8424
6320
280
6478
7980
5249
813
4447
3767
9910
7478
4783
6573
7068
3741
556
9020
6424
8737
2372
7537
2069
9155
7593
338
3137
4304
1885
3812
6015
135
4842
6086
5306
188
889
9828
2272
424
1137
9641
9329
4799
8570
2835
5155
1970
4230
6222
5028
1117
8258
3590
4357
9690
3381
8781
6950
1104
5659
1951
8473
1977
2850
5928
762
3231
3728
3000
426
4614
575
8288
9428
1846
6557
6501
7642
6049
6094
4081
6194
9778
2495
4416
4385
6373
4482
6236
3913
2440
5835
5348
6716
9817
1177
1257
6961
1226
9599
5712
4894
700
6511
171
3649
6163
3141
8746
2189
9893
8969
1992
1267
1170
2218
4542
1425
3030
863
9113
9077
8133
5389
4731
5161
3998
6979
6830
209
7592
4486
3191
6299
245
4545
3039
5487
3570
7344
3517
3793
1130
2207
9901
2987
8332
3937
7604
7379
4519
6224
1984
6029
6655
962
4251
7565
2303
5473
9533
277
4397
5230
7283
9339
6509
9511
8471
9861
3077
5132
1007
9973
3180
1456
8553
9416
8717
7976
4610
9915
1288
6309
3700
7376
3613
7077
2527
564
1131
5431
5751
1287
4706
5227
1202
9186
5019
5362
8330
1935
7564
5083
4888
2499
9553
5891
135
2716
450
5290
280
6294
8317
1013
5743
2536
4616
1211
5771
5593
9390
2307
6341
1159
3009
7598
1466
7971
3024
2557
3625
7279
9302
3788
8869
1199
6231
3848
9445
4778
4481
2207
2994
189
9656
2565
5103
4395
5300
8794
2067
880
4446
6501
3388
3253
656
5663
9870
9330
5006
6882
33
7000
169
1352
539
9689
7360
6502
5134
1986
6509
1873
3595
5671
9223
6687
6169
8474
8980
1499
4198
3993
8624
7100
262
7350
4277
5189
1555
582
6574
4665
7994
5885
4259
3117
1010
1017
9009
724
6902
6855
222
2826
8105
6334
1512
6325
5769
3880
4193
8708
3907
5828
6392
2919
4828
8235
9984
9928
396
5136
8449
8375
1616
8469
8701
2847
760
6334
7324
4318
3336
952
8149
751
6839
5128
3442
9437
5356
2191
2818
7650
120
534
4551
9303
2123
8507
8414
7261
4288
4956
5586
2918
5692
1336
3353
8606
2647
8061
4750
6399
6186
3906
276
2763
2038
2559
8002
6388
2827
3009
242
1328
1827
7977
658
567
8339
5177
1236
6353
9911
8670
2081
1234
148
5021
84
7940
3000
2559
9577
5251
5596
9883
4911
2990
7302
8838
5792
9760
5783
1457
7467
9732
7369
6728
5820
9869
9947
7543
6044
3170
8185
3266
7684
8734
7214
2621
6305
5765
2315
2998
2454
4868
9600
8274
2976
3928
3368
6838
5122
4050
1492
1581
672
684
2707
4994
44
5494
2466
4249
3001
953
3022
2198
3614
759
6023
8318
257
2619
4038
7103
7326
333
3207
1866
1030
8816
7076
5479
8646
2393
5556
9236
1624
7528
8257
2075
4113
2427
7120
4867
676
3538
4794
1705
9706
558
9931
9369
5163
2393
3734
8631
5810
8064
968
2162
8806
8976
6086
2847
5595
434
1083
9792
6626
4266
1461
3440
1857
6012
1441
2015
3909
7064
1689
8143
7906
7034
3431
9868
7275
4746
8006
5890
1949
8421
2072
3836
4371
6495
8448
2176
263
6722
4129
9942
9840
4026
1456
6332
5716
609
6410
8797
8416
9437
8255
7831
4650
1353
2858
723
2792
4824
5674
9379
2304
2407
1663
7137
5208
1882
3317
2675
8259
3208
2880
797
5945
6349
8902
4393
7011
8488
5658
7067
5280
3280
9077
3322
1750
2542
2380
816
3004
4454
3009
2435
4242
7982
1953
1584
6604
9505
1917
2434
6038
1178
8778
1843
8527
9660
8473
3892
3831
8005
4455
7493
1377
8010
6693
4636
1842
6546
4850
360
9657
8167
9363
1520
2011
2902
4154
8975
9201
5258
6410
774
4406
2982
6003
7272
2119
708
1925
4943
7435
9590
8305
6124
4518
6477
2508
9055
4512
745
108
5433
3934
6393
91
2237
3977
3967
8343
6321
914
9080
2535
9938
2359
1345
4771
9929
7830
1337
8129
1593
5687
2386
2694
3829
8617
2886
1630
8055
1577
8418
5988
7658
5686
2412
7424
9300
4680
4934
2489
536
8799
4300
2037
45
8109
4486
8655
6272
2607
5174
1514
7195
4236
8692
5695
8735
4370
3135
8558
6328
1684
5705
1085
2117
7329
5382
1078
1958
6693
1909
1856
8464
5569
167
9141
2021
1249
8815
3866
4925
5333
1147
7498
800
2551
3367
9553
720
9686
9657
9239
882
1900
1756
4837
2567
2605
372
52
5019
5142
9584
8939
7555
1170
5040
2212
3785
3771
7429
4138
1332
3319
2036
4152
2071
9575
7816
8365
4317
5098
1132
9378
8205
8912
3257
9363
274
4335
7710
924
2596
8791
2773
6720
6505
6075
5981
6235
6854
4078
9439
1384
6314
4549
5528
3017
7513
213
5407
7990
4754
1899
8584
2345
4738
1243
4862
1852
9088
257
1773
8416
974
9181
5578
308
9493
6365
891
1542
5936
925
6450
4113
2870
2484
9221
3998
8168
6834
7428
5860
9153
8489
4453
2251
5140
6769
3726
9799
4412
8157
179
2169
9890
8784
9072
1101
4179
8898
862
8766
3526
1737
5278
9167
9049
9850
7068
4799
9991
227
6684
6752
9512
799
6705
6930
6295
452
4261
5695
2443
4473
1051
7446
483
9081
7692
2277
5188
3160
457
6016
6417
6242
3205
4759
5824
8512
1919
9048
7854
481
827
1213
5732
3114
8361
4700
2636
3561
9717
5945
7919
1908
5575
3907
4108
6856
5251
3582
7028
1029
2535
7378
1533
2030
2999
5743
3188
2652
2741
1117
2235
9175
7647
1012
1218
2951
1762
6440
6935
3408
6653
4342
3487
11
5900
471
4286
8271
9924
7725
333
5100
993
403
2598
7097
2932
6652
1274
1556
379
6400
1677
3943
2253
198
688
1729
1802
8491
5629
6718
7894
53
3786
8800
5375
709
599
9489
2879
103
2950
8449
9431
3054
8568
7249
7047
507
1832
808
2323
3663
3634
7596
5428
5923
7597
5193
5241
8428
4521
4598
7001
9098
7105
8577
8452
7543
4947
2418
8354
4739
1099
4036
7435
3663
9089
4813
3160
8626
3945
4758
7081
721
1076
3919
53
5657
2123
989
3810
2737
5200
6822
3392
8947
8239
7693
6159
1726
514
7802
3041
7066
4303
2313
9554
9272
4457
4950
3286
5118
8457
7099
4327
14
8275
8322
7927
5247
1503
6496
8598
3038
3193
6352
6021
5844
10000
1610
1528
2075
954
2055
8788
4802
2552
9543
3264
7272
9071
2684
417
6708
8285
7037
7902
9661
5087
2720
2480
6899
8479
5463
6837
5308
2533
4540
9294
3876
522
190
5699
4870
6894
8796
1668
3806
5076
5117
9036
9739
9101
3517
169
7522
9314
629
3486
5507
2278
3108
1608
9079
8564
9223
6450
9792
5001
875
2729
4598
5712
611
1034
6090
2352
6766
5149
648
5665
9088
3216
6466
7467
9072
9873
6762
6104
8500
5913
5404
7517
1360
1006
649
324
6422
4378
683
8226
2346
3344
4097
4233
2813
7065
8505
6620
596
5322
6923
5290
8109
3013
692
583
1714
4677
4580
6299
3316
6539
4486
6209
7577
3290
4776
7425
2217
5894
5133
4156
4105
4239
1693
2261
7633
8836
9152
4686
115
4821
1360
187
816
2921
582
5654
6653
2192
45
1440
141
8089
1307
1352
2038
8428
7064
9369
7863
6617
9062
3932
1606
6201
4711
2640
7180
7015
9798
2039
4642
8532
1530
3713
9454
2168
5257
3253
4098
5497
4871
4894
6821
5256
7713
3921
159
9157
9147
2926
5442
9835
4471
2049
40
4924
6245
6237
8974
2846
2102
3707
8296
422
1166
6120
7111
8221
5521
8017
1054
9798
7070
4815
4797
1400
6839
1469
6766
4189
2982
103
8680
8976
9748
454
5227
8295
6854
4482
8010
4567
8718
5219
5380
9725
7889
6721
9645
9144
200
7060
7487
2349
4693
5021
7808
3450
526
8062
2575
4244
2759
5425
765
1853
947
4880
9066
6066
8950
3813
5823
3286
746
8096
9520
8528
5752
4281
5074
6041
8551
7592
4567
1419
9778
1475
8851
6143
2990
1343
7553
4787
4560
2204
3147
7907
5803
2769
9199
3622
7562
1589
9930
8164
7607
3740
5832
3025
352
1941
3051
8176
4750
7646
6224
9308
2092
5315
8269
7698
1180
6617
6473
6997
6587
5976
1056
7222
9780
9614
2133
5174
2723
4697
2128
1840
1887
1854
8203
5905
8758
85
8859
4643
623
2767
1393
1737
9864
7956
97
809
9516
221
1650
4641
4981
5544
4313
9301
6217
1499
4
5377
6859
5611
8559
3305
9350
2937
3920
2957
8462
2951
8568
4109
5054
5828
5263
2901
5964
4121
5232
6652
6708
4234
4053
1056
9416
5799
7597
9005
3645
2831
307
7923
5169
9768
6455
3161
1184
2865
8817
7014
2551
7496
4904
3560
9170
7389
5821
6077
7573
9098
7152
2327
3726
9685
8642
6638
474
9221
4342
3338
5298
2404
4647
4208
4243
4710
8836
654
1696
4001
3568
7473
7116
2773
8081
7271
5291
3229
187
2056
9138
3913
5554
1620
9242
1871
2405
6433
8160
8084
9316
6766
3649
6829
1256
7332
6913
3002
3243
3095
9331
538
6694
2547
7030
5883
7356
2624
3503
7310
9779
987
5562
6909
6080
8622
7585
969
7704
5013
6801
4266
1287
1681
7939
5541
9273
2918
4551
6904
275
4891
7442
385
4401
7112
8595
6266
9417
2630
8757
9459
935
7424
1940
2145
2247
7099
1731
417
3990
7914
5118
5150
8980
3893
244
3727
803
3406
1775
7900
6967
4647
6534
4506
8497
2464
8091
8735
7770
3127
5601
648
1939
5555
7835
3129
7802
1948
7726
7067
233
8204
9731
2815
4971
7862
4548
7062
9353
6727
5669
5537
2985
9435
7820
2815
5159
6805
2883
535
55
218
197
3283
5492
87
5143
2290
3725
3657
8734
3720
5724
8538
8150
9320
6889
7244
3262
1702
645
8138
9560
9258
4325
6058
9915
6733
1005
72
3044
375
668
5625
2132
2031
4345
7807
3463
6862
4576
6214
8091
7742
6178
5108
1675
7439
379
5692
4304
8236
4923
1355
8860
2767
7677
1918
4692
1237
4327
9499
6307
414
8072
903
7824
8871
233
2126
3660
6990
2438
2640
5503
7752
1471
2465
5919
3169
2602
7847
4851
7090
4365
6081
1763
2188
5020
2600
4607
5751
3610
8444
313
2364
5259
7714
5089
5155
9203
9122
8910
8365
4017
6914
7638
2856
7590
3478
939
8006
448
594
1022
6304
9539
3441
7400
2732
2621
6896
6243
4001
6928
257
9555
1173
304
9109
5794
5738
3471
857
6121
3559
5054
4881
5397
2409
5596
7226
3607
6228
4180
7459
727
6948
7448
7053
7755
1304
853
9912
1008
3233
8314
2195
391
9283
7904
7666
725
5802
2132
7249
7280
59
4652
476
4206
8321
6188
2799
3896
1163
5788
8154
4098
1200
7821
623
5979
7344
272
4412
7161
2393
5302
5430
6460
7387
996
7371
6084
1613
3788
7093
4109
3753
1235
5262
3438
827
6673
8892
9093
5091
8968
6670
8656
3456
4234
3618
2779
959
5286
7005
6031
9159
8844
6206
3230
6067
5843
6377
3276
8869
8027
6550
5106
8027
9789
2184
8849
9563
3527
8218
9776
5972
7613
9907
1288
1948
8869
2108
3798
9307
6526
7167
1736
9680
8990
4448
8639
1180
3347
9200
34
5768
4514
4928
8345
1570
8282
3727
6019
7793
3053
8792
6650
7812
7015
9453
8474
4468
4552
6883
5076
4575
8070
827
3729
4216
7275
2937
422
3943
1975
5465
4047
2602
5234
3026
3909
8551
5376
9976
7386
865
5178
4650
5141
7851
5451
671
7352
6763
2585
5378
3821
8055
3961
8153
2033
5496
2416
2371
4131
6638
4766
3491
8998
7419
5441
1218
232
1801
9763
5384
3231
5681
5644
4217
2985
3078
9844
4645
8562
2084
5417
3037
6184
4738
1427
9132
7484
2667
4366
7769
4610
3300
9801
9355
8512
1164
8036
7949
7908
5150
9414
4384
1648
7606
1042
563
2064
6512
8567
8796
5609
4989
2150
4445
8177
8316
3405
5517
3285
2874
2476
3995
8945
4667
3971
8613
344
1355
685
7673
347
2289
9226
2449
5200
4092
6850
3912
3236
5545
2644
2515
2483
2268
9683
6852
1440
8073
9142
7333
779
4606
645
776
6408
550
2371
8920
5254
9813
8814
7342
7890
5279
8584
1403
6282
1132
8306
1147
4611
8684
9495
4714
7798
4894
9129
4550
1870
4819
4874
7894
848
3568
8233
3010
5548
9706
6384
4509
1494
2966
7019
7733
4151
5862
9761
8024
3475
6719
4293
6772
1468
2993
6426
4227
9626
7878
3276
5923
9065
7633
3964
9075
3845
41
7673
5455
5832
5759
4145
2349
7532
7596
7153
3311
1220
7200
5653
6889
1214
3312
7299
1954
5004
1584
9921
9970
3336
6834
400
2433
2648
3164
1430
1570
5450
3066
2164
7042
1038
2290
2159
175
5774
2647
5112
1265
7386
4891
8937
3284
6138
1132
4213
6106
7615
3676
4669
5029
3360
8141
7233
2147
1876
3314
2241
4317
6446
6703
1433
8190
3680
4758
5472
3243
3439
4845
776
2595
2333
2229
5958
1430
5371
8020
8903
6533
7807
4708
6235
8072
1486
4433
6648
3332
4560
69
1065
2439
4892
4695
805
4802
4698
6983
4968
221
4439
2039
3405
9136
8410
3085
1745
1405
2580
1186
4249
6031
3794
4704
3179
4651
4767
5066
470
5824
845
1949
3332
7595
1432
7501
2667
7125
5264
5835
5386
4860
4089
7887
9116
6665
436
1761
1420
590
8699
150
1641
5600
5938
1001
4475
2299
5065
2988
9150
2474
7974
7618
7465
5468
9156
4484
1533
4507
7097
1558
1246
1116
1307
750
8130
9914
210
4506
4311
8135
4147
1264
6701
6964
3264
3846
6881
6319
6336
5219
4123
2673
7741
7862
2231
2724
5226
4948
3356
1491
566
7388
6234
9442
2553
8828
7627
7978
3381
9361
6110
9628
1715
1567
7859
5904
8533
9581
2498
9937
3552
2172
7326
8409
4359
9051
9590
5423
1956
2179
7666
3043
8869
4787
6678
6826
3553
2444
5162
9194
5039
7665
1300
5571
7694
8540
6847
6471
1206
6698
606
7017
5841
597
3098
3475
8827
1733
2360
129
7993
5245
9348
7091
8115
3390
9851
4471
8949
415
4735
2378
5519
6852
9023
1432
9843
5654
6352
6016
2203
3813
7228
9143
5864
6447
4306
4930
3707
1786
4447
7565
2763
4885
6473
5609
5360
3606
4215
5988
2175
7099
9902
8321
7363
3315
5168
6113
5290
7364
7430
2459
579
8624
7111
2027
7732
3500
3788
9073
1968
5626
3437
1400
6428
4999
228
4690
6078
7957
2038
5376
3554
6759
3855
7652
5738
589
4110
9240
7117
8802
1930
1808
121
659
8835
7360
7919
7619
6787
7503
4070
2282
2506
3912
4965
2539
5210
8259
5257
6447
9634
7692
3722
6167
5749
8167
7563
9771
4792
9625
5481
7072
5752
8488
318
701
3405
744
2554
2145
1164
3107
8032
5226
7950
1084
4860
851
731
2129
4124
3901
9973
3016
960
3728
3717
2548
5462
6610
9682
3337
9591
9420
2506
5629
5588
763
8135
481
5271
6772
6136
3962
3437
7825
6014
5952
7750
6012
3586
7406
2143
1337
5089
6356
8459
6844
1963
9077
1502
4084
1334
9692
6370
2986
2617
9257
9172
5048
4307
2433
3877
3242
9877
401
9210
407
9956
6782
4955
653
9662
9328
4370
2833
6533
3002
8723
7665
8082
5188
7917
7043
8570
2556
4584
3888
5278
1634
3123
1466
3070
1411
1897
3148
9176
5686
4525
9095
6410
4572
6575
2436
5632
3587
1904
9372
6685
1968
74
7375
3075
1274
7612
454
3500
4949
5651
7601
8499
4701
7282
4142
4315
8659
7859
702
9040
8758
3510
6249
6008
2158
3425
1875
1168
7010
9862
9552
6772
3035
9214
7786
8370
2231
5980
519
9548
47
9627
2183
9356
794
1104
8912
8117
9084
9450
541
4048
9231
9248
7784
3878
3706
8421
9138
7415
3266
3057
7279
3860
496
3712
6858
1210
2493
6308
8312
12
1169
6005
8209
6648
7781
9880
3849
3462
6748
3266
2959
5637
2595
8919
3747
5190
4743
2673
4002
7051
2942
4590
4158
8871
9140
1654
8285
7838
9588
6988
9805
7640
311
6171
7213
1011
8236
7318
9831
9837
2558
1581
4166
849
5206
3357
3328
4903
6886
8885
9901
4442
5695
3228
9666
5729
9672
131
9334
8877
1769
462
583
6097
2446
8506
2543
1562
6267
7927
442
5805
4518
9026
9377
4848
575
5579
5292
4207
6635
809
2483
2486
6191
1820
5219
458
1775
8429
4114
827
2515
5047
3425
7848
3747
5145
4902
8320
1629
1447
8404
5058
2350
5500
9060
8426
8970
2933
1754
3830
3184
1896
6592
6295
4858
5014
4964
7093
8471
7121
2650
6834
9380
3884
5159
9339
6665
7868
1946
88
2841
7065
1617
5139
359
865
5266
1144
6937
7654
4152
1089
2446
3511
5590
7118
2140
7495
4474
5399
1926
496
7544
2476
797
8140
1006
702
7065
7290
1223
3022
1917
4010
56
7654
7903
5075
7103
842
8279
3771
4711
3810
392
1269
1258
1720
8639
2320
9983
8159
8138
8123
3488
9180
9404
3805
4380
8176
1148
4929
8234
2976
1339
1926
1201
9310
8104
8718
1678
9849
6818
8889
3341
1224
5550
8503
4979
8767
7972
864
5248
3202
3043
5717
567
4591
1141
4902
3672
9664
138
5624
4591
2077
9399
74
620
4418
8772
4690
3116
795
7372
4486
1408
1737
3263
7036
4079
5275
9540
8527
3547
6088
8585
1338
8529
1075
3044
2742
9598
7909
4739
1750
5636
443
4548
2782
5713
5789
9126
271
5956
4840
970
8929
634
8753
5874
2664
8096
5454
4301
9904
1621
1346
6983
1176
8076
2264
5733
2660
6290
6528
3039
8866
584
6150
5675
5885
6753
9539
5482
4651
5259
5937
9074
6842
3479
4734
3302
3616
209
7178
1542
6199
7672
5944
6027
2821
1777
9373
4576
4362
9725
1488
6831
7472
5367
2798
5989
783
7853
4759
9511
8226
5991
7818
5549
3349
1897
8432
6299
189
1037
2496
2961
1007
6989
525
3654
9206
2567
2836
4497
4351
9886
5448
2739
8360
6643
3165
1751
9200
1713
9546
3011
8136
7750
4585
7659
8996
7853
9551
4714
3063
8674
8727
7743
1878
1345
6409
9237
7876
3436
8322
4518
9808
1338
8623
7153
8962
6628
6933
8937
6917
3199
519
5540
2624
5235
3994
202
8745
8406
3356
4911
7384
8651
6826
8491
7790
1998
1137
6021
6323
2857
6978
7030
9946
5108
3882
8134
9488
1255
6945
5812
1459
7005
5478
9349
4585
8959
4359
2181
2447
3916
4585
3261
7399
4745
5235
9220
9177
474
7636
5171
4013
7079
1138
5724
3419
3849
4553
8176
7893
6712
9255
5902
6310
6004
8742
8552
2856
2494
4441
6637
2905
2189
3736
2330
3914
9704
5026
6067
2789
5417
835
8521
4797
2176
9952
7163
6457
189
5670
2285
3845
9587
4148
2256
7189
2615
2290
4515
5430
8880
7741
2712
8662
850
5908
4214
4166
7902
2972
7127
1259
7216
2514
3998
333
3270
9092
3179
8120
5138
6851
5041
164
1869
8795
2111
8117
62
9097
9498
2000
2484
3013
94
5446
2415
2311
1956
9128
5755
5636
1767
6418
8694
1162
6534
1731
5652
6078
2593
4116
4261
1847
6218
7563
8493
597
2854
6017
6357
7643
1422
865
3552
4088
4608
4800
5727
502
9203
9988
7304
5188
9561
8403
59
1132
8109
2495
8761
6448
4549
7759
6877
9739
2144
1761
8633
3522
8373
7530
1415
1581
6893
6532
82
9923
9137
7836
3035
9745
7148
6385
6473
5959
4964
5283
3435
8191
9260
482
2865
8769
4984
8394
2222
7100
7786
93
5244
528
1322
7624
3955
7923
9360
5718
4832
6427
7057
483
5596
3220
4027
5969
6658
1352
6730
2779
5176
9742
4835
3322
6721
9421
6591
1279
3254
3190
3201
2921
